iteration,Trajectory,TrajectoryAlpha,TrajectorySize,EgoTrajectory,EgoTrajectoryAlpha,EgoTrajectorySize,PedestrianIntention,PedestrianIntentionSize,SemanticSegmentation,SemanticSegmentationAlpha,CarStatus,CarStatusAlpha,CoveredArea,CoveredAreaAlpha,CoveredAreaSize,OccludedCars,objective_true,objective_observed,error_applied,error_magnitude,acquisition,fit_time_sec,seed,run_id,error_model,jitter_std,jitter_iteration,oracle_model,objective,y_opt,best_true_so_far,regret_inst_true,regret_cum_true,simple_regret_true,regret_avg_true,dataset
1,0.36509219017515787,0.7226413318230226,0.19855653809432422,0.824297616129625,0.666858279440203,0.5542300880633371,0.5223857323213361,0.37902539335116114,0.22879953412888432,0.5843786731366364,0.7706664554061522,0.18389623904646704,0.32601593695745323,0.5304993650657371,0.5595268601684308,0.42857971881723583,1.005977096560845,1.005977096560845,False,0.0,ucb,0.0,8,a14a3fcb-b838-4385-af28-07c67eb2cbf3,gaussian,1.0,40,extra_trees,composite,2.6855111574074058,1.005977096560845,1.6795340608465608,1.6795340608465608,1.6795340608465608,1.6795340608465608,opticarvis
2,0.3204711637354342,0.5419953835385674,0.3049369565758465,0.8100288262293754,0.698641205765623,0.3778894816501064,0.4925966230039148,0.31966106683615103,0.1722263884029393,0.34713803290573036,0.7874320674725945,0.2812743411324938,0.5689348528433962,0.6809950336002811,0.43245169516524407,0.3288575883976547,0.9113204607583761,0.9113204607583761,False,0.0,ucb,0.0,8,a14a3fcb-b838-4385-af28-07c67eb2cbf3,gaussian,1.0,40,extra_trees,composite,2.6855111574074058,1.005977096560845,1.7741906966490295,3.45372475749559,1.6795340608465608,1.726862378747795,opticarvis
3,0.24389612323046017,0.42276603123527967,0.115630301494941,0.7817292801329625,0.35277113668195004,0.794279386010038,0.714638333461873,0.16285412452014603,0.7615468918085403,0.7767291670608666,0.8523992327289722,0.08494290214514157,0.4330193521282998,0.7101081993988541,0.5185396272644887,0.3727374782068409,1.0601805555555532,1.0601805555555532,False,0.0,ucb,0.0,8,a14a3fcb-b838-4385-af28-07c67eb2cbf3,gaussian,1.0,40,extra_trees,composite,2.6855111574074058,1.0601805555555532,1.6253306018518525,5.079055359347443,1.6253306018518525,1.6930184531158143,opticarvis
4,0.4422943751074243,0.3985522235889949,0.24715478283199288,0.7962441075965843,0.4331475694876642,0.7834462330722645,0.4345515884456026,0.5526434162835666,0.21825464986295176,0.6897340951221218,0.7944710120834687,0.09644037487275456,0.3664820688454707,0.4553736395301218,0.2878308552169507,0.4190005170200699,0.9127093496472641,0.9127093496472641,False,0.0,ucb,0.0,8,a14a3fcb-b838-4385-af28-07c67eb2cbf3,gaussian,1.0,40,extra_trees,composite,2.6855111574074058,1.0601805555555532,1.7728018077601417,6.8518571671075845,1.6253306018518525,1.7129642917768961,opticarvis
5,0.46671011722545686,0.30453088699641045,0.34644085630792876,0.7770056443462762,0.216029236078794,0.9204716395495516,0.5955116621500119,0.5716277591254438,0.49510902291516923,0.374772328535108,0.7607713375599753,0.13169157694321507,0.4137108282878871,0.5166346907664907,0.35273015030933536,0.7001185432763404,0.8537348126102275,0.8537348126102275,False,0.0,ucb,0.0,8,a14a3fcb-b838-4385-af28-07c67eb2cbf3,gaussian,1.0,40,extra_trees,composite,2.6855111574074058,1.0601805555555532,1.8317763447971782,8.683633511904763,1.6253306018518525,1.7367267023809525,opticarvis
6,0.19071186541916893,0.7284398623756299,0.0798269565154583,0.8362241737419703,0.728076521233953,0.5799050230678529,0.7238616237852492,0.1279369662064375,0.6157869396532724,0.9960198061038257,0.826469824337413,0.09640033627882497,0.2221382407380642,0.6311151230641093,0.6740945257426888,0.3052240976174801,0.9137592592592573,0.9137592592592573,False,0.0,ucb,0.6060655999463052,8,a14a3fcb-b838-4385-af28-07c67eb2cbf3,gaussian,1.0,40,extra_trees,composite,2.6855111574074058,1.0601805555555532,1.7717518981481484,10.45538541005291,1.6253306018518525,1.7425642350088184,opticarvis
7,0.1597512352309491,0.33081740208100796,0.0798269565154583,0.7531673075041926,0.17419954596057158,0.9196207530314088,0.774210119516617,0.1279369662064375,0.7890920832247744,0.9921961691101926,0.8536268733798772,0.010006845196404724,0.5071450255580248,0.8654355401486588,0.5733598269877171,0.2424237637199682,1.319194444444443,1.319194444444443,False,0.0,ucb,0.7439679999370128,8,a14a3fcb-b838-4385-af28-07c67eb2cbf3,gaussian,1.0,40,extra_trees,composite,2.6855111574074058,1.319194444444443,1.3663167129629628,11.821702123015873,1.3663167129629628,1.6888145890022677,opticarvis
8,0.1597512352309491,0.2726936425800578,0.0798269565154583,0.7448878700156216,0.0,1.0,0.774210119516617,0.1279369662064375,0.7890920832247744,1.0,0.8536268733798772,0.0,0.6996659256725265,1.0,0.6740945257426888,0.4824762136676587,1.21184259259259,1.21184259259259,False,0.0,ucb,1.0613375999964774,8,a14a3fcb-b838-4385-af28-07c67eb2cbf3,gaussian,1.0,40,extra_trees,composite,2.6855111574074058,1.319194444444443,1.4736685648148158,13.295370687830689,1.3663167129629628,1.661921335978836,opticarvis
9,0.1597512352309491,0.2726936425800578,0.0798269565154583,0.7448878700156216,0.06037353430923571,1.0,0.774210119516617,0.1279369662064375,0.7890920832247744,1.0,0.8536268733798772,0.0,0.2221382407380642,1.0,0.22869761862755264,0.2175953367395697,1.373527777777776,1.373527777777776,False,0.0,ucb,0.9421031000092626,8,a14a3fcb-b838-4385-af28-07c67eb2cbf3,gaussian,1.0,40,extra_trees,composite,2.6855111574074058,1.373527777777776,1.3119833796296299,14.607354067460319,1.3119833796296299,1.6230393408289243,opticarvis
10,0.1597512352309491,0.2726936425800578,0.0798269565154583,0.7448878700156216,0.0,1.0,0.774210119516617,0.1279369662064375,0.7890920832247744,1.0,0.8536268733798772,0.6249469352892192,0.2221382407380642,1.0,0.39516175958112554,0.2175953367395697,1.3856111111111094,1.3856111111111094,False,0.0,ucb,0.6394152999855578,8,a14a3fcb-b838-4385-af28-07c67eb2cbf3,gaussian,1.0,40,extra_trees,composite,2.6855111574074058,1.3856111111111094,1.2999000462962964,15.907254113756615,1.2999000462962964,1.5907254113756615,opticarvis
11,0.1597512352309491,0.2726936425800578,0.0798269565154583,0.7448878700156216,0.0,1.0,0.774210119516617,0.8015497523573716,0.7890920832247744,1.0,0.8536268733798772,0.621904352129545,0.2221382407380642,1.0,0.6740945257426888,0.2175953367395697,1.354249338624336,1.354249338624336,False,0.0,ucb,1.0032480000518262,8,a14a3fcb-b838-4385-af28-07c67eb2cbf3,gaussian,1.0,40,extra_trees,composite,2.6855111574074058,1.3856111111111094,1.3312618187830698,17.238515932539684,1.2999000462962964,1.5671378120490622,opticarvis
12,0.1597512352309491,0.7284398623756299,0.0798269565154583,0.7448878700156216,0.0,1.0,0.774210119516617,0.1279369662064375,0.7890920832247744,1.0,0.8536268733798772,0.7151453899405877,0.2221382407380642,1.0,0.0587094915130822,0.2175953367395697,1.5823055555555552,1.5823055555555552,False,0.0,ucb,0.75813069997821,8,a14a3fcb-b838-4385-af28-07c67eb2cbf3,gaussian,1.0,40,extra_trees,composite,2.6855111574074058,1.5823055555555552,1.1032056018518506,18.341721534391535,1.1032056018518506,1.5284767945326279,opticarvis
13,0.7238450250828374,0.7284398623756299,0.0798269565154583,0.7448878700156216,0.0,1.0,0.774210119516617,0.1279369662064375,0.7890920832247744,1.0,0.8536268733798772,0.7151453899405877,0.2221382407380642,1.0,0.0587094915130822,0.2175953367395697,1.6117222222222223,1.6117222222222223,False,0.0,ucb,0.8330825999146327,8,a14a3fcb-b838-4385-af28-07c67eb2cbf3,gaussian,1.0,40,extra_trees,composite,2.6855111574074058,1.6117222222222223,1.0737889351851835,19.41551046957672,1.0737889351851835,1.4935008053520553,opticarvis
14,0.7877584689815936,0.7284398623756299,0.0798269565154583,0.7448878700156216,0.0,0.2679277562395792,0.774210119516617,0.1279369662064375,0.1616974183082286,1.0,0.8536268733798772,0.7151453899405877,0.2221382407380642,1.0,0.0587094915130822,0.2175953367395697,1.4675277777777778,1.4675277777777778,False,0.0,ucb,1.0403351999120787,8,a14a3fcb-b838-4385-af28-07c67eb2cbf3,gaussian,1.0,40,extra_trees,composite,2.6855111574074058,1.6117222222222223,1.217983379629628,20.63349384920635,1.0737889351851835,1.473820989229025,opticarvis
15,0.7877584689815936,0.7284398623756299,0.0798269565154583,0.7448878700156216,0.0,1.0,0.774210119516617,0.1279369662064375,0.7890920832247744,1.0,0.7442738745725647,0.7151453899405877,0.2221382407380642,1.0,0.0587094915130822,0.2175953367395697,1.7287428703703727,1.7287428703703727,False,0.0,ucb,0.9525928000221029,8,a14a3fcb-b838-4385-af28-07c67eb2cbf3,gaussian,1.0,40,extra_trees,composite,2.6855111574074058,1.7287428703703727,0.9567682870370331,21.590262136243382,0.9567682870370331,1.4393508090828921,opticarvis
16,0.7877584689815936,0.7284398623756299,0.0798269565154583,0.7448878700156216,0.0,1.0,0.326218184806613,0.1279369662064375,0.7890920832247744,1.0,0.7442738745725647,0.7151453899405877,0.7844552481809254,1.0,0.0587094915130822,0.2175953367395697,1.6592845370370386,1.6592845370370386,False,0.0,ucb,0.9917861999711022,8,a14a3fcb-b838-4385-af28-07c67eb2cbf3,gaussian,1.0,40,extra_trees,composite,2.6855111574074058,1.7287428703703727,1.0262266203703672,22.616488756613748,0.9567682870370331,1.4135305472883593,opticarvis
17,0.7877584689815936,0.7284398623756299,0.0798269565154583,0.7448878700156216,0.7665949575310887,1.0,0.774210119516617,0.1279369662064375,0.7890920832247744,1.0,0.7442738745725647,0.7151453899405877,0.2221382407380642,1.0,0.0587094915130822,0.2175953367395697,1.73633314814815,1.73633314814815,False,0.0,ucb,1.1262774999486282,8,a14a3fcb-b838-4385-af28-07c67eb2cbf3,gaussian,1.0,40,extra_trees,composite,2.6855111574074058,1.73633314814815,0.9491780092592557,23.565666765873004,0.9491780092592557,1.3862156921101767,opticarvis
18,0.7877584689815936,0.7284398623756299,0.0798269565154583,0.7448878700156216,0.7665949575310887,1.0,0.774210119516617,0.1279369662064375,0.7890920832247744,0.2023152203939266,0.7442738745725647,0.7151453899405877,0.2221382407380642,0.4175908846384023,0.0587094915130822,0.2175953367395697,1.880062314814819,1.880062314814819,False,0.0,ucb,1.1804163999622688,8,a14a3fcb-b838-4385-af28-07c67eb2cbf3,gaussian,1.0,40,extra_trees,composite,2.6855111574074058,1.880062314814819,0.8054488425925868,24.37111560846559,0.8054488425925868,1.3539508671369773,opticarvis
19,0.7877584689815936,0.7284398623756299,0.0798269565154583,0.7448878700156216,0.7665949575310887,1.0,0.774210119516617,0.1279369662064375,0.1616974183082286,0.2023152203939266,0.7442738745725647,0.7151453899405877,0.2221382407380642,0.4175908846384023,0.6740945257426888,0.2175953367395697,1.6080444576719606,1.6080444576719606,False,0.0,ucb,1.1958988999249414,8,a14a3fcb-b838-4385-af28-07c67eb2cbf3,gaussian,1.0,40,extra_trees,composite,2.6855111574074058,1.880062314814819,1.0774666997354452,25.448582308201036,0.8054488425925868,1.3393990688526862,opticarvis
20,0.7877584689815936,0.7284398623756299,0.0798269565154583,0.7448878700156216,0.7665949575310887,0.2679277562395792,0.774210119516617,0.8015497523573716,0.7890920832247744,0.2023152203939266,0.7442738745725647,0.7151453899405877,0.2221382407380642,0.4175908846384023,0.0587094915130822,0.2175953367395697,2.218878783068789,2.218878783068789,False,0.0,ucb,1.397764900000766,8,a14a3fcb-b838-4385-af28-07c67eb2cbf3,gaussian,1.0,40,extra_trees,composite,2.6855111574074058,2.218878783068789,0.4666323743386167,25.915214682539652,0.4666323743386167,1.2957607341269826,opticarvis
21,0.7877584689815936,0.7284398623756299,0.4047873898408975,0.7448878700156216,0.7665949575310887,0.2679277562395792,0.774210119516617,0.8015497523573716,0.7890920832247744,0.2023152203939266,0.7442738745725647,0.7151453899405877,0.2221382407380642,0.4175908846384023,0.0587094915130822,0.2175953367395697,2.434563968253976,2.434563968253976,False,0.0,ucb,1.4418005000334233,8,a14a3fcb-b838-4385-af28-07c67eb2cbf3,gaussian,1.0,40,extra_trees,composite,2.6855111574074058,2.434563968253976,0.25094718915342984,26.16616187169308,0.25094718915342984,1.246007708175861,opticarvis
22,0.7877584689815936,0.7284398623756299,0.4523576873279323,0.7448878700156216,0.7665949575310887,0.2679277562395792,0.774210119516617,0.8015497523573716,0.7890920832247744,1.0,0.7442738745725647,0.0,0.7844552481809254,0.4175908846384023,0.0587094915130822,0.2175953367395697,2.224950542328048,2.224950542328048,False,0.0,ucb,1.696459099999629,8,a14a3fcb-b838-4385-af28-07c67eb2cbf3,gaussian,1.0,40,extra_trees,composite,2.6855111574074058,2.434563968253976,0.46056061507935775,26.62672248677244,0.25094718915342984,1.2103055675805654,opticarvis
23,0.7877584689815936,0.7284398623756299,0.4523576873279323,0.7448878700156216,0.7665949575310887,1.0,0.326218184806613,0.8015497523573716,0.7890920832247744,0.2023152203939266,0.7442738745725647,0.7151453899405877,0.2221382407380642,0.4175908846384023,0.0587094915130822,0.2175953367395697,2.7229273941798984,2.7229273941798984,False,0.0,ucb,1.7098209999967366,8,a14a3fcb-b838-4385-af28-07c67eb2cbf3,gaussian,1.0,40,extra_trees,composite,2.6855111574074058,2.7229273941798984,0.0,26.62672248677244,0.0,1.1576835863814103,opticarvis
24,0.7877584689815936,0.7284398623756299,0.4523576873279323,0.7448878700156216,0.7665949575310887,1.0,0.326218184806613,0.8015497523573716,0.7890920832247744,0.2023152203939266,0.7442738745725647,0.0,0.2221382407380642,1.0,0.0587094915130822,0.2175953367395697,2.4485431349206377,2.4485431349206377,False,0.0,ucb,1.3148784000659361,8,a14a3fcb-b838-4385-af28-07c67eb2cbf3,gaussian,1.0,40,extra_trees,composite,2.6855111574074058,2.7229273941798984,0.23696802248676807,26.863690509259207,0.0,1.1193204378858004,opticarvis
25,0.7877584689815936,0.7284398623756299,0.4523576873279323,0.7448878700156216,0.0,1.0,0.326218184806613,0.8015497523573716,0.7890920832247744,0.2023152203939266,0.7442738745725647,0.7151453899405877,0.2221382407380642,0.4175908846384023,0.6740945257426888,0.2175953367395697,2.386117208994715,2.386117208994715,False,0.0,ucb,1.2840721000684425,8,a14a3fcb-b838-4385-af28-07c67eb2cbf3,gaussian,1.0,40,extra_trees,composite,2.6855111574074058,2.7229273941798984,0.29939394841269085,27.1630844576719,0.0,1.086523378306876,opticarvis
26,0.7877584689815936,0.7284398623756299,0.4523576873279323,0.7448878700156216,0.7665949575310887,1.0,0.326218184806613,0.8015497523573716,0.7890920832247744,0.2023152203939266,0.7442738745725647,0.7151453899405877,0.2221382407380642,0.4175908846384023,0.0587094915130822,0.5876022743140168,2.5461095370370406,2.5461095370370406,False,0.0,ucb,1.2994856999721378,8,a14a3fcb-b838-4385-af28-07c67eb2cbf3,gaussian,1.0,40,extra_trees,composite,2.6855111574074058,2.7229273941798984,0.1394016203703652,27.302486078042264,0.0,1.0500956183862409,opticarvis
27,0.1597512352309491,0.7284398623756299,0.4523576873279323,0.7448878700156216,0.7665949575310887,1.0,0.326218184806613,0.8015497523573716,0.7890920832247744,1.0,0.7442738745725647,0.7151453899405877,0.2221382407380642,0.4175908846384023,0.0587094915130822,0.2175953367395697,2.6103973015873034,2.6103973015873034,False,0.0,ucb,1.4192192000336945,8,a14a3fcb-b838-4385-af28-07c67eb2cbf3,gaussian,1.0,40,extra_trees,composite,2.6855111574074058,2.7229273941798984,0.07511385582010233,27.377599933862367,0.0,1.0139851827356432,opticarvis
28,0.7877584689815936,0.7284398623756299,0.4523576873279323,0.7448878700156216,0.7665949575310887,1.0,0.326218184806613,0.8015497523573716,0.1616974183082286,0.2023152203939266,0.7442738745725647,0.7151453899405877,0.2221382407380642,0.4175908846384023,0.0587094915130822,0.2175953367395697,2.455168796296299,2.455168796296299,False,0.0,ucb,1.6348619000054896,8,a14a3fcb-b838-4385-af28-07c67eb2cbf3,gaussian,1.0,40,extra_trees,composite,2.6855111574074058,2.7229273941798984,0.23034236111110662,27.607942294973473,0.0,0.9859979391061955,opticarvis
29,0.7877584689815936,0.7284398623756299,0.4523576873279323,0.7448878700156216,0.7665949575310887,0.2679277562395792,0.326218184806613,0.8015497523573716,0.7890920832247744,0.2023152203939266,0.7442738745725647,0.7151453899405877,0.2221382407380642,0.4175908846384023,0.0587094915130822,0.2175953367395697,2.521221375661383,2.521221375661383,False,0.0,ucb,0.9679778000572696,8,a14a3fcb-b838-4385-af28-07c67eb2cbf3,gaussian,1.0,40,extra_trees,composite,2.6855111574074058,2.7229273941798984,0.1642897817460227,27.772232076719497,0.0,0.957663175059293,opticarvis
30,0.7877584689815936,0.7284398623756299,0.4523576873279323,0.7448878700156216,0.7665949575310887,1.0,0.326218184806613,0.8015497523573716,0.7890920832247744,0.2023152203939266,0.8536268733798772,0.7151453899405877,0.2221382407380642,0.4175908846384023,0.0587094915130822,0.2175953367395697,2.4637030423280444,2.4637030423280444,False,0.0,ucb,1.2913225999800488,8,a14a3fcb-b838-4385-af28-07c67eb2cbf3,gaussian,1.0,40,extra_trees,composite,2.6855111574074058,2.7229273941798984,0.22180811507936138,27.99404019179886,0.0,0.933134673059962,opticarvis
31,0.7877584689815936,0.7284398623756299,0.4523576873279323,0.7448878700156216,0.0,1.0,0.326218184806613,0.8015497523573716,0.7890920832247744,0.2023152203939266,0.7442738745725647,0.7151453899405877,0.2221382407380642,0.4175908846384023,0.0587094915130822,0.2175953367395697,2.70859174603175,2.70859174603175,False,0.0,ucb,1.3567549000727013,8,a14a3fcb-b838-4385-af28-07c67eb2cbf3,gaussian,1.0,40,extra_trees,composite,2.6855111574074058,2.7229273941798984,0.0,27.99404019179886,0.0,0.9030335545741568,opticarvis
32,0.1597512352309491,0.7284398623756299,0.4523576873279323,0.7448878700156216,0.0,1.0,0.326218184806613,0.8015497523573716,0.7890920832247744,0.2023152203939266,0.7442738745725647,0.7151453899405877,0.2221382407380642,0.4175908846384023,0.0587094915130822,0.2175953367395697,2.744313968253972,2.744313968253972,False,0.0,ucb,1.7160253000911325,8,a14a3fcb-b838-4385-af28-07c67eb2cbf3,gaussian,1.0,40,extra_trees,composite,2.6855111574074058,2.744313968253972,0.0,27.99404019179886,0.0,0.8748137559937144,opticarvis
33,0.1597512352309491,0.7284398623756299,0.4523576873279323,0.7448878700156216,0.7665949575310887,1.0,0.326218184806613,0.8015497523573716,0.7890920832247744,0.2023152203939266,0.7442738745725647,0.7151453899405877,0.7844552481809254,0.4175908846384023,0.0587094915130822,0.2175953367395697,2.5675014682539734,2.5675014682539734,False,0.0,ucb,2.158129999996163,8,a14a3fcb-b838-4385-af28-07c67eb2cbf3,gaussian,1.0,40,extra_trees,composite,2.6855111574074058,2.744313968253972,0.11800968915343235,28.11204988095229,0.0,0.8518802994227967,opticarvis
34,0.1597512352309491,0.7284398623756299,0.4523576873279323,0.7448878700156216,0.0,1.0,0.326218184806613,0.8015497523573716,0.7890920832247744,0.2023152203939266,0.7442738745725647,0.0,0.2221382407380642,0.4175908846384023,0.0587094915130822,0.2175953367395697,2.6509343386243414,2.6509343386243414,False,0.0,ucb,1.9444046000717208,8,a14a3fcb-b838-4385-af28-07c67eb2cbf3,gaussian,1.0,40,extra_trees,composite,2.6855111574074058,2.744313968253972,0.0345768187830644,28.146626699735357,0.0,0.8278419617569223,opticarvis
35,0.7877584689815936,0.7284398623756299,0.4523576873279323,0.7448878700156216,0.0,1.0,0.326218184806613,0.8015497523573716,0.7890920832247744,0.2023152203939266,0.7442738745725647,0.7151453899405877,0.2221382407380642,0.4175908846384023,0.0587094915130822,0.2175953367395697,2.70859174603175,2.70859174603175,False,0.0,ucb,2.935686699929647,8,a14a3fcb-b838-4385-af28-07c67eb2cbf3,gaussian,1.0,40,extra_trees,composite,2.6855111574074058,2.744313968253972,0.0,28.146626699735357,0.0,0.8041893342781531,opticarvis
36,0.1597512352309491,0.7284398623756299,0.4523576873279323,0.7448878700156216,0.0,1.0,0.326218184806613,0.8015497523573716,0.7890920832247744,0.2023152203939266,0.7442738745725647,0.7151453899405877,0.2221382407380642,0.4175908846384023,0.0587094915130822,0.2175953367395697,2.744313968253972,2.744313968253972,False,0.0,ucb,2.3767720999894664,8,a14a3fcb-b838-4385-af28-07c67eb2cbf3,gaussian,1.0,40,extra_trees,composite,2.6855111574074058,2.744313968253972,0.0,28.146626699735357,0.0,0.7818507416593155,opticarvis
37,0.1597512352309491,0.7284398623756299,0.4523576873279323,0.7448878700156216,0.0,1.0,0.326218184806613,0.8015497523573716,0.7890920832247744,0.2023152203939266,0.7442738745725647,0.7151453899405877,0.2221382407380642,0.4175908846384023,0.0587094915130822,0.2175953367395697,2.744313968253972,2.744313968253972,False,0.0,ucb,1.8322272999212146,8,a14a3fcb-b838-4385-af28-07c67eb2cbf3,gaussian,1.0,40,extra_trees,composite,2.6855111574074058,2.744313968253972,0.0,28.146626699735357,0.0,0.760719640533388,opticarvis
38,0.1597512352309491,0.7284398623756299,0.4523576873279323,0.7448878700156216,0.7665949575310887,1.0,0.326218184806613,0.8015497523573716,0.7890920832247744,0.2023152203939266,0.7442738745725647,0.7151453899405877,0.2221382407380642,0.4175908846384023,0.0587094915130822,0.2175953367395697,2.7663162830687864,2.7663162830687864,False,0.0,ucb,2.3369598999852315,8,a14a3fcb-b838-4385-af28-07c67eb2cbf3,gaussian,1.0,40,extra_trees,composite,2.6855111574074058,2.7663162830687864,0.0,28.146626699735357,0.0,0.7407007026246146,opticarvis
39,0.1597512352309491,0.7284398623756299,0.4523576873279323,0.7448878700156216,0.7665949575310887,1.0,0.326218184806613,0.8015497523573716,0.7890920832247744,0.2023152203939266,0.7442738745725647,0.7151453899405877,0.2221382407380642,0.4175908846384023,0.0587094915130822,0.2175953367395697,2.7663162830687864,2.7663162830687864,False,0.0,ucb,2.790013900026679,8,a14a3fcb-b838-4385-af28-07c67eb2cbf3,gaussian,1.0,40,extra_trees,composite,2.6855111574074058,2.7663162830687864,0.0,28.146626699735357,0.0,0.7217083769162912,opticarvis
40,0.1597512352309491,0.7284398623756299,0.4523576873279323,0.7448878700156216,0.7665949575310887,1.0,0.326218184806613,0.8015497523573716,0.7890920832247744,0.2023152203939266,0.7442738745725647,0.7151453899405877,0.2221382407380642,0.4175908846384023,0.0587094915130822,0.2175953367395697,2.7663162830687864,2.7663162830687864,False,0.0,ucb,1.4536422999808565,8,a14a3fcb-b838-4385-af28-07c67eb2cbf3,gaussian,1.0,40,extra_trees,composite,2.6855111574074058,2.7663162830687864,0.0,28.146626699735357,0.0,0.7036656674933839,opticarvis
41,0.1597512352309491,0.7284398623756299,0.4523576873279323,0.7448878700156216,0.7665949575310887,1.0,0.326218184806613,0.8015497523573716,0.7890920832247744,0.2023152203939266,0.7442738745725647,0.7151453899405877,0.2221382407380642,0.4175908846384023,0.0587094915130822,0.2175953367395697,2.7663162830687864,3.128903030094559,True,0.36258674702577265,ucb,1.1730510999914259,8,a14a3fcb-b838-4385-af28-07c67eb2cbf3,gaussian,1.0,40,extra_trees,composite,2.6855111574074058,2.7663162830687864,0.0,28.146626699735357,0.0,0.6865030902374477,opticarvis
42,0.1597512352309491,0.7284398623756299,0.4523576873279323,0.7448878700156216,0.7665949575310887,1.0,0.774210119516617,0.8015497523573716,0.7890920832247744,0.2023152203939266,0.7442738745725647,0.7151453899405877,0.2221382407380642,0.4175908846384023,0.0587094915130822,0.2175953367395697,2.6937977645502684,4.02877343455034,True,1.3349756700000714,ucb,0.8223765000002459,8,a14a3fcb-b838-4385-af28-07c67eb2cbf3,gaussian,1.0,40,extra_trees,composite,2.6855111574074058,2.7663162830687864,0.0,28.146626699735357,0.0,0.6701577785651276,opticarvis
43,0.1597512352309491,0.7284398623756299,0.4523576873279323,0.8016274734717304,0.7665949575310887,1.0,0.774210119516617,0.8015497523573716,0.7890920832247744,0.2023152203939266,0.7442738745725647,0.7151453899405877,0.2221382407380642,0.4175908846384023,0.0587094915130822,0.2175953367395697,1.9970598015873016,2.3437008310310383,True,0.3466410294437367,ucb,1.618436299962923,8,a14a3fcb-b838-4385-af28-07c67eb2cbf3,gaussian,1.0,40,extra_trees,composite,2.6855111574074058,2.7663162830687864,0.6884513558201042,28.83507805555546,0.0,0.670583210594313,opticarvis
44,0.1597512352309491,0.7284398623756299,0.4523576873279323,0.7448878700156216,0.7665949575310887,1.0,0.774210119516617,0.8015497523573716,0.7890920832247744,0.2023152203939266,0.7442738745725647,0.7151453899405877,0.2221382407380642,1.0,0.0587094915130822,0.2175953367395697,2.4774598015873055,1.219356150863855,True,-1.2581036507234504,ucb,1.6332513999659568,8,a14a3fcb-b838-4385-af28-07c67eb2cbf3,gaussian,1.0,40,extra_trees,composite,2.6855111574074058,2.7663162830687864,0.20805135582010026,29.04312941137556,0.0,0.6600711229858082,opticarvis
45,0.1597512352309491,0.7284398623756299,0.11530511866968474,0.7448878700156216,0.7665949575310887,1.0,0.774210119516617,0.8015497523573716,0.7890920832247744,0.2023152203939266,0.7442738745725647,0.7151453899405877,0.2221382407380642,0.4175908846384023,0.0587094915130822,0.2175953367395697,2.377793134920638,2.039587211096376,True,-0.3382059238242618,ucb,1.5203412000555545,8,a14a3fcb-b838-4385-af28-07c67eb2cbf3,gaussian,1.0,40,extra_trees,composite,2.6855111574074058,2.7663162830687864,0.30771802248676794,29.350847433862327,0.0,0.6522410540858294,opticarvis
46,0.1597512352309491,0.7284398623756299,0.4523576873279323,0.7448878700156216,0.7665949575310887,1.0,0.774210119516617,0.1279369662064375,0.7890920832247744,0.2023152203939266,0.7442738745725647,0.0,0.2221382407380642,0.4175908846384023,0.0587094915130822,0.2175953367395697,2.238303055555561,2.511887998860544,True,0.2735849433049825,ucb,1.4284353000111878,8,a14a3fcb-b838-4385-af28-07c67eb2cbf3,gaussian,1.0,40,extra_trees,composite,2.6855111574074058,2.7663162830687864,0.44720810185184456,29.798055535714173,0.0,0.6477838159937864,opticarvis
47,0.1597512352309491,0.7284398623756299,0.4523576873279323,0.7448878700156216,0.7665949575310887,1.0,0.774210119516617,0.8015497523573716,0.7890920832247744,0.2023152203939266,0.7442738745725647,0.7151453899405877,0.2221382407380642,0.4175908846384023,0.0587094915130822,0.6708074468844955,2.5134521296296333,3.6372294059915387,True,1.1237772763619054,ucb,1.511847999994643,8,a14a3fcb-b838-4385-af28-07c67eb2cbf3,gaussian,1.0,40,extra_trees,composite,2.6855111574074058,2.7663162830687864,0.1720590277777725,29.970114563491947,0.0,0.6376620119891904,opticarvis
48,0.1597512352309491,0.7284398623756299,0.4523576873279323,0.7448878700156216,0.7665949575310887,1.0,0.774210119516617,0.8015497523573716,0.7890920832247744,1.0,0.7442738745725647,0.7151453899405877,0.2221382407380642,0.4175908846384023,0.0587094915130822,0.2175953367395697,2.5456380423280445,2.7065058527889057,True,0.16086781046086113,ucb,1.4553126000100747,8,a14a3fcb-b838-4385-af28-07c67eb2cbf3,gaussian,1.0,40,extra_trees,composite,2.6855111574074058,2.7663162830687864,0.1398731150793613,30.109987678571308,0.0,0.6272914099702356,opticarvis
49,0.1597512352309491,0.2726936425800578,0.4523576873279323,0.7448878700156216,0.7665949575310887,1.0,0.774210119516617,0.8015497523573716,0.7890920832247744,0.2023152203939266,0.7442738745725647,0.7151453899405877,0.2221382407380642,0.4175908846384023,0.0587094915130822,0.2175953367395697,2.405263813932984,3.570234642055068,True,1.1649708281220839,ucb,1.7008899999782443,8,a14a3fcb-b838-4385-af28-07c67eb2cbf3,gaussian,1.0,40,extra_trees,composite,2.6855111574074058,2.7663162830687864,0.28024734347442193,30.39023502204573,0.0,0.6202088780009333,opticarvis
50,0.1597512352309491,0.7284398623756299,0.4523576873279323,0.7448878700156216,0.7665949575310887,1.0,0.7170482932617228,0.8015497523573716,0.7890920832247744,0.2023152203939266,0.7442738745725647,0.7151453899405877,0.2221382407380642,0.529045169996131,0.0587094915130822,0.2175953367395697,2.54851998677249,1.6625177817726378,True,-0.8860022049998524,ucb,1.7459488000022247,8,a14a3fcb-b838-4385-af28-07c67eb2cbf3,gaussian,1.0,40,extra_trees,composite,2.6855111574074058,2.7663162830687864,0.13699117063491562,30.527226192680644,0.0,0.6105445238536129,opticarvis
